+---------+------------+-----------+------------+--------------+--------+-----------+-----------+------------+--------------+--------+-----------+
| Dataset | % Attacker | mstold MF | density MF | foolsgold MF | mst MF | kmeans MF | mstold SF | density SF | foolsgold SF | mst SF | kmeans SF |
+---------+------------+-----------+------------+--------------+--------+-----------+-----------+------------+--------------+--------+-----------+
| FMNIST  |    10.0    |   0.275   |    0.53    |    0.753     | 0.257  |   0.276   |   0.565   |    0.52    |    0.715     | 0.252  |   0.268   |
| FMNIST  |    20.0    |   0.535   |   0.747    |     0.54     | 0.241  |   0.256   |   0.545   |   0.257    |     0.56     |  0.53  |   0.26    |
| FMNIST  |    30.0    |   0.721   |   0.304    |    0.525     | 0.264  |   0.276   |   0.545   |   0.276    |    0.272     |  0.53  |   0.282   |
| FMNIST  |    40.0    |   0.535   |    0.25    |    0.249     | 0.295  |    0.3    |   0.545   |   0.295    |     0.54     |  0.54  |   0.27    |
| FMNIST  |    50.0    |   0.52    |   0.252    |     0.27     |  0.3   |   0.263   |   0.52    |   0.281    |     0.24     | 0.525  |   0.55    |
| FMNIST  |    60.0    |   0.715   |    0.47    |    0.535     | 0.299  |   0.318   |   0.53    |   0.533    |     0.54     | 0.545  |   0.55    |
| FMNIST  |    70.0    |   0.749   |   0.726    |     0.53     | 0.299  |   0.276   |   0.53    |   0.518    |    0.535     | 0.535  |   0.504   |
+---------+------------+-----------+------------+--------------+--------+-----------+-----------+------------+--------------+--------+-----------+