+---------+------------+-----------+------------+--------------+--------+-----------+-----------+------------+--------------+--------+-----------+
| Dataset | % Attacker | mstold MF | density MF | foolsgold MF | mst MF | kmeans MF | mstold SF | density SF | foolsgold SF | mst SF | kmeans SF |
+---------+------------+-----------+------------+--------------+--------+-----------+-----------+------------+--------------+--------+-----------+
| FMNIST  |    10.0    |   0.56    |   0.692    |    0.294     | 0.255  |   0.252   |   0.525   |   0.839    |    0.278     | 0.295  |   0.263   |
| FMNIST  |    20.0    |   0.69    |   0.731    |    0.259     | 0.279  |   0.234   |   0.525   |   0.619    |    0.263     | 0.545  |   0.279   |
| FMNIST  |    30.0    |   0.71    |   0.712    |    0.259     | 0.281  |   0.281   |   0.53    |   0.535    |    0.242     | 0.294  |   0.247   |
| FMNIST  |    40.0    |   0.735   |   0.374    |    0.263     | 0.297  |   0.263   |   0.52    |   0.555    |    0.263     | 0.535  |   0.265   |
| FMNIST  |    50.0    |   0.731   |   0.395    |    0.271     | 0.269  |   0.27    |   0.545   |   0.382    |    0.269     | 0.281  |   0.27    |
| FMNIST  |    60.0    |   0.737   |   0.486    |     0.25     | 0.283  |   0.285   |   0.54    |   0.409    |    0.251     | 0.264  |   0.295   |
| FMNIST  |    70.0    |   0.733   |   0.633    |    0.535     | 0.279  |   0.29    |   0.535   |   0.511    |     0.53     | 0.288  |   0.545   |
+---------+------------+-----------+------------+--------------+--------+-----------+-----------+------------+--------------+--------+-----------+