+---------+------------+-----------+------------+--------------+--------+-----------+-----------+------------+--------------+--------+-----------+
| Dataset | % Attacker | mstold MF | density MF | foolsgold MF | mst MF | kmeans MF | mstold SF | density SF | foolsgold SF | mst SF | kmeans SF |
+---------+------------+-----------+------------+--------------+--------+-----------+-----------+------------+--------------+--------+-----------+
|  MNIST  |    10.0    |   0.107   |   0.525    |    0.515     |  0.03  |   0.033   |   0.02    |    0.51    |    0.522     | 0.015  |   0.025   |
|  MNIST  |    20.0    |   0.065   |   0.047    |    0.042     | 0.044  |   0.049   |    0.5    |   0.032    |    0.015     | 0.062  |   0.022   |
|  MNIST  |    30.0    |   0.062   |   0.515    |    0.037     | 0.039  |   0.037   |   0.065   |   0.515    |     0.02     | 0.017  |   0.025   |
|  MNIST  |    40.0    |   0.085   |   0.044    |     0.53     | 0.032  |   0.029   |   0.525   |    0.01    |    0.017     | 0.015  |   0.026   |
|  MNIST  |    50.0    |   0.535   |    0.53    |     0.04     |  0.05  |   0.042   |   0.51    |    0.5     |     0.02     | 0.159  |   0.02    |
|  MNIST  |    60.0    |   0.53    |   0.515    |    0.346     | 0.041  |   0.043   |    0.5    |    0.5     |    0.328     | 0.505  |   0.361   |
|  MNIST  |    70.0    |   0.55    |    0.53    |     0.53     | 0.049  |   0.044   |    0.5    |   0.517    |     0.5      | 0.009  |   0.321   |
+---------+------------+-----------+------------+--------------+--------+-----------+-----------+------------+--------------+--------+-----------+