+---------+------------+-----------+------------+--------------+--------+-----------+-----------+------------+--------------+--------+-----------+
| Dataset | % Attacker | mstold MF | density MF | foolsgold MF | mst MF | kmeans MF | mstold SF | density SF | foolsgold SF | mst SF | kmeans SF |
+---------+------------+-----------+------------+--------------+--------+-----------+-----------+------------+--------------+--------+-----------+
|  MNIST  |    10.0    |   0.057   |   0.515    |    0.037     | 0.033  |   0.035   |   0.022   |   0.517    |    0.015     | 0.015  |   0.007   |
|  MNIST  |    20.0    |   0.515   |   0.517    |     0.04     | 0.046  |   0.041   |   0.05    |    0.52    |    0.017     | 0.035  |   0.02    |
|  MNIST  |    30.0    |   0.13    |   0.517    |    0.035     | 0.049  |   0.049   |   0.015   |   0.515    |     0.02     | 0.017  |   0.072   |
|  MNIST  |    40.0    |   0.137   |   0.515    |    0.045     | 0.034  |   0.031   |   0.351   |   0.515    |    0.017     | 0.036  |   0.024   |
|  MNIST  |    50.0    |   0.19    |   0.095    |    0.037     | 0.031  |   0.036   |   0.406   |   0.015    |    0.017     |  0.02  |   0.028   |
|  MNIST  |    60.0    |   0.535   |    0.15    |     0.04     | 0.032  |   0.032   |    0.5    |   0.047    |     0.5      | 0.015  |   0.018   |
|  MNIST  |    70.0    |   0.515   |    0.46    |    0.032     | 0.061  |   0.046   |    0.5    |    0.5     |     0.5      | 0.022  |   0.014   |
+---------+------------+-----------+------------+--------------+--------+-----------+-----------+------------+--------------+--------+-----------+