+---------+------------+-----------+------------+--------------+--------+-----------+-----------+------------+--------------+--------+-----------+
| Dataset | % Attacker | mstold MF | density MF | foolsgold MF | mst MF | kmeans MF | mstold SF | density SF | foolsgold SF | mst SF | kmeans SF |
+---------+------------+-----------+------------+--------------+--------+-----------+-----------+------------+--------------+--------+-----------+
|  MNIST  |    10.0    |   0.045   |    0.51    |    0.585     | 0.033  |   0.035   |   0.017   |   0.517    |    0.505     | 0.025  |   0.01    |
|  MNIST  |    20.0    |   0.062   |   0.047    |    0.037     | 0.044  |   0.051   |   0.025   |    0.01    |     0.02     | 0.007  |   0.013   |
|  MNIST  |    30.0    |   0.535   |   0.054    |    0.037     | 0.036  |   0.036   |   0.057   |   0.019    |    0.015     | 0.012  |   0.02    |
|  MNIST  |    40.0    |   0.055   |    0.05    |    0.032     | 0.034  |   0.034   |   0.085   |   0.024    |    0.017     |  0.5   |   0.015   |
|  MNIST  |    50.0    |   0.189   |   0.275    |    0.037     |  0.06  |   0.042   |   0.075   |   0.019    |    0.015     | 0.017  |   0.015   |
|  MNIST  |    60.0    |   0.512   |    0.52    |    0.515     | 0.034  |   0.044   |   0.105   |   0.515    |    0.515     | 0.024  |   0.015   |
|  MNIST  |    70.0    |   0.545   |   0.515    |    0.515     | 0.066  |   0.053   |    0.5    |    0.5     |    0.517     | 0.024  |   0.028   |
+---------+------------+-----------+------------+--------------+--------+-----------+-----------+------------+--------------+--------+-----------+